1.54 6.61 5.24
7.84 -6.17 -8.51
-8.03 -7.65 9.31
-4.89 -5.64 -5.76
2.42 3.31 -2.57
x2a3cbx1az
-0.30 2.62 5.06
-4.86 4.17 4.44
0.57 -7.58 -5.12
-6.19 -0.47 -8.84
3.37 8.39 3.33
8.23 1.23 3.59
2.56 7.80 -4.94
-6.12 9.06 1.27
4.66 -4.32 -1.07
-7.01 2.98 4.19
z1yx13a1yc
-5.66 -1.94 2.09
-7.93 3.93 -1.49
4.81 0.90 -8.82
9.13 5.43 2.01
-1.17 2.30 -8.71
-1.72 -8.27 -5.93
-1.18 6.14 -5.90
-6.98 9.43 8.39
3.98 -7.42 9.33
-3.89 -2.05 -0.57
8.34 0.56 -6.51
-8.87 0.13 -3.81
9.64 -5.83 7.80
-1.32 2.56 -0.24
-1.69 -4.17 0.54
cyaa11xz1b
0.39 6.36 -5.70
9.40 3.32 2.13
3.39 0.06 3.43
yy1133z3c3
-2.71 -4.24 1.23
0.74 -0.72 0.85
9.13 2.88 -5.78
22zbay33bb
-2.15 2.59 -6.61
-9.95 6.30 -7.69
5.97 -6.58 3.60
-2.23 9.37 -4.36
6.96 -4.55 3.16
-7.62 3.86 6.34
9.47 2.13 -8.17
7.51 -2.10 -9.51
0.25 6.01 3.78