-3.37 -3.56 1.08
8.05 0.59 -9.54
1.80 -2.09 -4.37
6.11 -2.31 -5.35
-5.60 -8.77 3.88
-2.57 -5.43 8.97
3.65 -5.41 0.54
bz2121ybca
2xb133bcyb
3.59 -1.75 -6.93
-2.07 -9.95 2.72
1.71 -7.04 5.47
-4.55 -6.33 2.92
4.06 -7.75 6.23
-8.73 8.23 -5.79
-2.38 -0.46 -6.48
13aca3c23b
-8.80 7.78 7.22
-8.75 -0.13 2.27
xzxcc3cby3
3xbaxxa23b
-9.37 -5.40 -8.37
0.28 -6.55 2.57
c1yzxy23ya
-8.50 -4.84 6.98
8.90 -4.62 -6.30
1.47 1.74 7.01
2.28 5.89 -2.84
4.91 -9.32 -4.39
6.46 5.50 0.79
0.67 9.03 1.28
3z3aca3c1a
-6.07 3.62 3.98
-1.55 4.28 9.71
4.20 4.64 2.69
-2.17 -4.02 0.37
0.23 -6.77 0.77
4.27 -0.60 -8.58
7.58 3.17 7.79
9.18 2.22 -6.11
-6.81 2.51 -4.60
2.24 1.43 -2.22
8.34 2.06 -5.39
-7.85 5.51 -5.07
-6.77 -3.59 2.25
-8.91 8.43 7.26
-0.61 -4.51 -2.03
-7.70 -6.85 -3.88
-6.50 1.06 8.15
-1.14 -7.41 -2.62