-4.60 6.99 -5.63
6.53 7.38 9.47
6.15 0.74 4.23
11x21azazx
8.71 -0.63 7.82
-1.42 -2.52 4.15
-3.13 4.73 8.96
6.79 1.00 -4.43
-7.83 -2.58 -4.99
7.92 -8.16 -7.38
4.97 9.51 3.47
-1.64 7.18 -5.74
-0.92 -4.76 0.20
-7.31 -6.96 7.82
7.69 7.15 9.38
9.28 -4.40 5.22
5.07 -7.98 -5.52
0.87 2.82 5.89
-6.67 4.61 2.91
6.32 -9.50 -7.39
-5.25 -8.43 -0.60
4.13 -8.93 -8.50
4.49 -9.90 -5.51
5.99 5.63 -5.97
9.19 -5.59 3.07
7.06 3.31 -1.08
0.72 -4.83 -1.70
-6.07 -7.27 -6.63
4.49 -8.79 4.80
xzzcycbcbx
33yycyya1b
5.98 -6.94 5.12
2.94 -4.79 9.38
-1.22 -0.15 7.59
-6.47 -8.64 -9.66
0.54 -7.52 1.20
-7.89 -4.12 -3.61
-7.69 -6.32 -3.33
4.83 2.79 -5.29
-0.84 5.29 3.83
-8.44 2.98 -9.72
1.92 -3.37 -6.78
3.58 7.66 4.46
4.19 3.89 -5.99
-3.71 -4.75 -9.80
-4.07 5.94 -1.48
-8.71 -3.05 6.61
-1.24 2.03 6.27
3.41 -9.64 5.74
-7.81 6.88 0.02